1667753164415 0.015713924542069435 2
1667753166047 0.008153515867888927 3
1667753167805 0.009289897046983242 4
1667753169548 0.009943070821464062 5
1667753171221 0.012235034257173538 6
1667753173011 0.010587471537292004 7
1667753174851 0.012644272297620773 8
1667753176615 0.014935843646526337 9
1667753178318 0.005995673593133688 10
1667753180096 0.00807606615126133 11
1667753182137 0.013508481904864311 3
1667753183905 0.008403549902141094 4
1667753185665 0.012876991182565689 5
1667753187449 0.013218292035162449 6
1667753189275 0.008880841545760632 7
1667753191075 0.011956528760492802 8
1667753192844 0.008881823159754276 9
1667753194610 0.011577190831303596 10
1667753196384 0.008983893319964409 11
1667753198030 0.01088447030633688 12
1667753200038 0.016017016023397446 4
1667753201803 0.014694015495479107 5
1667753203608 0.012184877879917622 6
1667753205254 0.008089091628789902 7
1667753207099 0.013761448673903942 8
1667753208903 0.007063897792249918 9
1667753210672 0.007079306058585644 10
1667753212494 0.008156979456543922 11
1667753214282 0.007490469608455896 12
1667753216113 0.013877435587346554 13
1667753218137 0.01153052318841219 5
1667753219914 0.018179552629590034 6
1667753221667 0.00882918294519186 7
1667753223487 0.013327814638614655 8
1667753225295 0.00833466649055481 9
1667753227061 0.011255110614001751 10
1667753228811 0.009562506340444088 11
1667753230597 0.007993876002728939 12
1667753232360 0.008167406544089317 13
1667753233979 0.009923698380589485 14
1667753235946 0.009793237783014774 7
1667753237736 0.01174827292561531 8
1667753239573 0.013136629946529865 9
1667753241243 0.015005180612206459 10
1667753243038 0.009441402740776539 11
1667753244799 0.013019679114222527 12
1667753246611 0.007475282996892929 13
1667753248213 0.007754177320748568 14
1667753249958 0.010977332480251789 15
1667753251744 0.009738979861140251 16
1667753253793 0.01129369717091322 8
1667753255611 0.009791259653866291 9
1667753257419 0.004855535924434662 10
1667753259069 0.012006185948848724 11
1667753260827 0.013567705638706684 12
1667753262582 0.01599280908703804 13
1667753264385 0.01125425472855568 14
1667753266036 0.008436642587184906 15
1667753267780 0.009707655757665634 16
1667753269531 0.011547153815627098 17
1667753271504 0.009189171716570854 9
1667753273279 0.015340456739068031 10
1667753275044 0.010205458849668503 11
1667753276810 0.010247861966490746 12
1667753278611 0.00508204335346818 13
1667753280457 0.015427986159920692 14
1667753282217 0.007232544012367725 15
