1667753164413 0.015713924542069435 2
1667753166047 0.008153515867888927 3
1667753167804 0.009289897046983242 4
1667753169547 0.009943070821464062 5
1667753171220 0.012235034257173538 6
1667753173010 0.010587471537292004 7
1667753174850 0.012644272297620773 8
1667753176614 0.014935843646526337 9
1667753178317 0.005995673593133688 10
1667753180095 0.00807606615126133 11
1667753182135 0.013508481904864311 3
1667753183904 0.008403549902141094 4
1667753185664 0.012876991182565689 5
1667753187448 0.013218292035162449 6
1667753189275 0.008880841545760632 7
1667753191074 0.011956528760492802 8
1667753192843 0.008881823159754276 9
1667753194609 0.011577190831303596 10
1667753196383 0.008983893319964409 11
1667753198029 0.01088447030633688 12
1667753200037 0.016017016023397446 4
1667753201802 0.014694015495479107 5
1667753203607 0.012184877879917622 6
1667753205254 0.008089091628789902 7
1667753207098 0.013761448673903942 8
1667753208902 0.007063897792249918 9
1667753210671 0.007079306058585644 10
1667753212493 0.008156979456543922 11
1667753214281 0.007490469608455896 12
1667753216112 0.013877435587346554 13
1667753218136 0.01153052318841219 5
1667753219913 0.018179552629590034 6
1667753221667 0.00882918294519186 7
1667753223486 0.013327814638614655 8
1667753225294 0.00833466649055481 9
1667753227060 0.011255110614001751 10
1667753228810 0.009562506340444088 11
1667753230596 0.007993876002728939 12
1667753232359 0.008167406544089317 13
1667753233978 0.009923698380589485 14
1667753235945 0.009793237783014774 7
1667753237735 0.01174827292561531 8
1667753239572 0.013136629946529865 9
1667753241242 0.015005180612206459 10
1667753243037 0.009441402740776539 11
1667753244798 0.013019679114222527 12
1667753246610 0.007475282996892929 13
1667753248212 0.007754177320748568 14
1667753249957 0.010977332480251789 15
1667753251743 0.009738979861140251 16
1667753253792 0.01129369717091322 8
1667753255610 0.009791259653866291 9
1667753257418 0.004855535924434662 10
1667753259068 0.012006185948848724 11
1667753260827 0.013567705638706684 12
1667753262581 0.01599280908703804 13
1667753264384 0.01125425472855568 14
1667753266035 0.008436642587184906 15
1667753267779 0.009707655757665634 16
1667753269530 0.011547153815627098 17
1667753271503 0.009189171716570854 9
1667753273278 0.015340456739068031 10
1667753275043 0.010205458849668503 11
1667753276809 0.010247861966490746 12
1667753278610 0.00508204335346818 13
1667753280456 0.015427986159920692 14
1667753282216 0.007232544012367725 15
